5	364
6.41	377.64
7.5	349
8.67	387.29
10.81	337.08
10.42	398
14.86	328.79
14.5	408.75
16	99.7
16.17	366.33
17.63	115.69
17.42	351.92
18.38	383.38
18.7	417.73
20.81	88.38
20.63	317.93
21.5	398.62
23.57	342.67
24.7	331
24.75	428.69
26.5	77.27
26.5	99.27
26.33	124.44
26.26	369.82
27.44	308.19
27.59	357
28.23	386.27
28.38	407.06
29.5	418.2
29.5	112.58
30.24	744.89
30	759.4
31.75	439.97
31.41	768.91
32.25	321.81
32.81	731.62
33.35	778.23
34	339.89
34.5	426.83
35.24	69.42
35.24	89.42
35.21	298.24
35.81	720.62
36.36	128.86
36.42	789.38
37	356.56
37	370.6
37	380.6
37	396.56
38.24	106.95
38.83	413
39.5	449.53
40.79	711.43
40.17	752.89
40.43	798
41.24	312
42.57	738
43.24	330.21
43.86	437.79
43.03	768.8
43.75	780.38
44.24	289.32
44.41	425.36
45.44	61
45	74.9
45	84.9
45.28	94.44
45.96	724.69
46.24	120.74
46	134.88
46.24	347.53
46.24	387.53
46.57	700.8
46.62	808.53
47.24	366.63
47	377
48.67	105.92
48.24	405.74
49.5	417.8
49	454.73
49.31	788.94
50.44	756.31
51.24	303.21
51.39	317.22
52.5	712.93
52.38	734.06
53.5	745.2
53.08	136.67
53.62	330.47
53.86	439.07
53.43	771.57
53.75	819.28
54.24	280.53
55.5	292.25
54.41	426.55
54.86	466.39
54.21	691.12
55.24	54.58
55	69
55	79
55	89
55.75	98.25
56.62	123.12
56.24	348.84
56.44	388.39
56.39	799.11
57.5	810.5
57.24	368.05
57	378.5
58.67	109.33
58.44	406.78
58.67	418.83
59.83	454.53
59.81	783.15
60.44	754.72
61.24	304.84
61.39	318.89
61.24	704.32
61.24	724.32
62.67	740
62.26	827.71
63.75	136.88
63.62	332.35
63.86	440.93
63.24	682.53
63.86	770.14
64.44	272.11
64	286
64.5	293.6
64.41	428.64
64.44	471.31
65.24	48.58
65	63
65	73
65	83
65	93
65.75	102.38
66.81	125.23
66.24	351.05
66.44	390.61
66.24	799.95
66	814.4
67.5	822
67.24	370.26
67	380.5
68.67	113.58
68.44	409.11
68.67	421.17
69.83	457
69.81	784.54
70.62	755.71
71.24	307.37
71.39	321.44
71.24	695.84
71	710.3
71	720.3
71	730.3
72.38	479.53
72.67	741.67
72.62	832.97
72.83	135.67
73.62	335.06
73.86	443.64
73.24	674.37
74.17	685.67
73.86	772.07
74.24	265.26
74	279.7
74	289.7
75.5	297.25
74.41	431.36
75.24	43.11
75	57.5
75	67.5
75	77.5
75	87.5
75	97.5
75.75	106.88
76.44	353.44
76.44	393.44
76.24	802.16
76	816.6
77.5	824.6
77.41	366.45
77	377.6
77	383.5
78.44	121.22
78.64	132.07
78.24	412.47
79.5	424.8
78.75	471.13
79.41	457.82
79.81	787.38
80.62	758.59
81.24	310.37
81.39	324.44
81.44	698.33
81	712.2
81	722.2
81	732.2
82.75	486.72
82.41	741.55
83.17	749.67
82.44	836.28
83.62	338.18
83.86	446.79
83.24	667.47
83	681.9
84.17	689
83.86	775.21
84.24	258.37
84	272.8
84	282.8
84	292.8
85.5	300.5
84.41	434.45
85.24	38.42
85	52.8
85	62.8
85	72.8
85	82.8
85	92.8
85	102.8
85.75	112.25
86.44	396.67
86.24	805.58
86	820
87.5	828
87.24	356.47
87	370.9
87	380.9
87	387
88	125.63
88.24	415.79
89.5	428.2
88.75	474.5
89.41	461.27
89.81	790.92
90.62	762.24
91.44	313.56
91	327.4
91.24	702.47
91	716.9
91	726.9
92.44	491.64
92.24	741.89
93.17	753.33
92.32	837.05
93.75	341.38
93.86	450.43
93.44	660.89
93	674.7
93	684.7
93	691.75
93.86	779.07
94.44	251.67
94	265.5
94	275.5
94	285.5
94	295.5
94.5	303.2
94.41	438.18
95.44	33.67
95	47.4
95	57.4
95	67.4
95	77.4
95	87.4
95	97.4
95	107.4
95.28	116.39
96.44	400.5
96.24	809.68
96	824.1
97.5	832.4
97.44	359.89
97	373.7
97	383.7
95.83	389.67
93.5	125.5
98.24	419.68
99.5	432.2
98.75	478.38
99.41	465.18
99.81	795.38
100.62	766.82
101.24	317.89
101.39	332
101.24	707.11
101	721.5
101	731.5
102.24	496.21
102.44	746.22
102	757
102.29	836.07
103.75	345.38
103.86	454.43
103.24	656.11
103	670.5
103	680.5
103	690.5
104.17	697.67
103.86	783.93
104.44	245.67
104	259.5
104	269.5
104	279.5
104	289.5
104	299.5
104.5	307.2
104.41	442.18
105.44	29.67
105	43.4
105	53.4
105	63.4
105	73.4
105	83.4
105	93.4
105	103.25
102.94	111.39
106.44	404.5
106.44	814.22
106.5	827.25
107.44	363.89
107	377.7
107	387.7
105.83	393.67
108.24	423.79
109.5	436.4
108.75	482.5
109.41	469.27
109.81	800.38
110.62	771.82
111.24	322
111.39	336.11
111.24	712.21
111	726.6
111	736.6
112	500.7
112.44	751.33
112	762.25
112	832.42
113.75	349.63
113.86	458.64
113.24	651.32
113	665.7
113	675.7
113	685.7
113	695.7
114.17	703
113.86	789.21
114.44	239.89
114	253.7
114	263.7
114	273.7
114	283.7
114	293.7
114	303.7
114.5	311.4
114.41	446.36
115.62	25.71
115	38.8
115	48.8
115	58.8
115	68.8
115	78.8
115	88.8
114.19	97.73
116.44	408.78
116.44	819.56
117.24	368.68
117	383.1
117	393.1
117	399.5
118.24	428.11
119.5	440.8
118.75	486.88
119.41	473.73
119.81	806.08
120.62	777.53
121.44	326.22
121	340
120.79	506.47
121.44	717.44
121	731.2
121	741.2
122.41	750.82
122	761.8
123.17	769
122.29	826.93
123.75	354.25
123.86	463.29
123.44	646.67
123	660.4
123	670.4
123	680.4
123	690.4
123	700.4
123	707.5
123.86	794.93
124.24	235
124	249.4
124	259.4
124	269.4
124	279.4
124	289.4
124	299.4
124	309.4
125.5	317
124.41	451.09
125.44	22.89
125	36.6
125	46.6
125	56.6
125	66.6
125	76.6
125	86.3
121.3	93.1
126.44	413.5
127.44	372.89
127	386.7
127	396.7
125.83	402.67
128.24	432.79
129.5	445.4
128.24	492.79
129.41	478.27
129.24	814.58
130.62	783.47
131.24	331.11
131.39	345.22
131.24	509.97
131.44	723.56
131	737.3
132.41	746.91
132	757.9
132	767.9
133.17	775.33
133.75	358.88
133.86	467.93
133.44	642.78
133	656.5
133	666.5
133	676.5
133	686.5
133	696.5
133	706.5
133	713.5
133.86	801.07
132.83	820
134.44	229.22
134	243
134	253
134	263
134	273
134	283
134	293
134	303
134	313
134.5	320.8
134.41	455.73
135.44	20.11
135	33.8
135	43.8
135	53.8
135	63.8
135	73.8
134.33	83.38
136.44	418.22
137.24	378.11
137	392.5
137	402.5
137	408.5
138.44	437.22
138.67	449.33
138.62	496.82
139.41	483.18
140.62	789.76
141.24	336.11
141.39	350.22
141.24	514.68
141.44	729.78
141	813.9
142.41	743.27
142	754.2
142	764.2
142	774.2
143.17	781.67
143.75	363.88
143.86	472.93
143.62	638.71
143	651.8
143	661.8
143	671.8
143	681.8
143	691.8
143	701.8
143	711.8
142.5	719
143.67	805.83
144.44	224.22
144	238
144	248
144	258
144	268
144	278
144	288
144	298
144	308
144	318
144.5	325.8
144.41	460.73
145.83	16.67
145	28.5
145	38.5
145	48.5
145	58.5
145	68.5
144.17	79.63
146.44	423.33
147.24	383.32
147	397.7
147	407.7
147	414
148.44	442.44
148.67	454.67
148.62	502.06
149.41	488.55
150.62	796.65
151.24	341.53
151.39	355.67
151.75	519.03
152.75	735.63
152	748.1
152	758.1
152	768.1
152	778.1
151.33	785.67
153.75	369.38
153.86	478.43
153.62	635.71
153	648.8
153	658.8
153	668.8
153	678.8
153	688.8
153	698.8
153	708.8
153	718.8
151.5	724.75
153.5	806.88
154.24	220.11
154	234.5
154	244.5
154	254.5
154	264.5
154	274.5
154	284.5
154	294.5
154	304.5
154	314.5
154	324.5
155.5	332.25
154.41	466.18
155.81	13.85
155	24.7
155	34.7
155	44.7
155	54.7
155	64.7
155	74.7
153.5	81.5
156.44	428.72
157.44	388.22
157	402
157	412
155.83	418
158.24	448.21
159.5	461
158.62	507.41
159.41	493.82
161.44	346.44
161	360.2
161.86	523.29
162.75	742.63
162	755.1
162	765.1
162	775.1
162	785.1
162	794.65
158.9	801
163.75	374.75
163.86	483.79
163.62	632.82
163	645.9
163	655.9
163	665.9
163	675.9
163	685.9
163	695.9
163	705.9
163	715.9
163	725.9
161.5	732
164.24	215.53
164	229.9
164	239.9
164	249.9
164	259.9
164	269.9
164	279.9
164	289.9
164	299.9
164	309.9
164	319.9
164	329.9
165.5	337.75
164.41	471.64
165.86	13.29
165	24.6
165	34.6
165	44.6
165	54.6
165	64.6
165	74.6
165	82.95
166.44	434.22
167.24	394.21
167	408.6
167	418.6
167	425
168.44	453.33
168.67	465.5
168.62	512.94
169.41	499.45
171.24	352.42
171.39	366.56
171.41	526.95
171.13	958.11
172.24	751.05
172	765.4
172	775.4
172	785.4
171.59	793.73
171.93	972.68
173.75	380.31
173.86	489.36
173.75	629.63
173	642.1
173	652.1
173	662.1
173	672.1
173	682.1
173	692.1
173	702.1
173	712.1
173	722.1
173	732.1
171.5	738.6
173.41	945.18
174.62	210.24
174	223.4
174	233.4
174	243.4
174	253.4
174	263.4
174	273.4
174	283.4
174	293.4
174	303.4
174	313.4
174	323.4
174	333.4
174	341.33
174.41	477.09
175	10
175	20
175	30
175	40
175	50
175	60
175	70
175	83.05
176.44	439.83
177.44	399.33
177	413.1
177	423.1
175.83	429
177.77	934.87
178.24	459.32
179.5	472.2
178.62	518.53
178.79	981.21
179	504.6
179.92	358
179.5	371.14
181.81	530.31
181.44	958.35
182.62	757.94
182	771
182	781
181.19	789.23
182.86	925
182.2	384.6
183.58	493.23
183.44	628.11
183	641.8
183	651.8
183	661.8
183	671.8
183	681.8
183	691.8
183	701.8
183	711.8
183	721.8
183	731.8
183	741.8
181.83	747.67
184.44	206.33
184	220.1
184	230.1
184	240.1
184	250.1
184	260.1
184	270.1
184	280.1
184	290.1
184	300.1
184	310.05
183.5	319.39
182	329.25
181.5	338.5
180	344
184.41	482.64
185	10.5
185	20.5
185	30.5
185	40.5
185	50.5
185	60.5
185	70.5
185	83.63
186.12	971.54
186.44	442.11
186.79	946.57
186.63	403.31
187	417
187	427
187	437
187.79	914.93
188.63	934.5
187.15	990.06
188.3	458.47
188	471
188.44	516.11
190	501.4
191.9	981
191.43	531.5
192.25	959.5
192.24	766.37
192	780.7
191.59	787.14
193.83	624.53
193	636.4
193	646.4
193	656.4
193	666.4
193	676.4
193	686.4
193	696.4
193	706.4
193	716.4
193	726.4
193	736.4
193	746.4
191.67	753.33
193.7	905.13
194.5	925.83
194.24	202.53
194	216.9
194	226.9
194	236.9
194	246.9
194	256.9
194	266.9
194	276.9
194	286.8
193	295.38
190.25	304.38
194.24	484.79
195	11.9
195	21.9
195	31.9
195	41.9
195	51.9
195	61.9
195	71.9
194.56	84.31
197.25	971.42
194.5	417.8
197	427.9
197	437.9
197	447.9
197.3	941.2
198.07	952.86
197.57	994.73
198.33	458.83
198	469.9
198.22	515.89
199.77	498.93
199.7	895.33
200.5	916
201.14	984.91
201.44	532.36
202.83	772.67
201.17	783.87
203.25	961.42
203.75	622.88
203	635.3
203	645.3
203	655.3
203	665.3
203	675.3
203	685.3
203	695.3
203	705.3
203	715.3
203	725.3
203	735.3
203	745.3
203	755.3
201.5	761.6
204	930.17
204.24	198.42
204	212.8
204	222.8
204	232.8
204	242.8
204	252.8
204	262.8
204	272.35
201.17	280.75
204.7	478.47
205.33	490.67
205	14.5
205	24.5
205	34.5
205	44.5
205	54.5
205	64.5
205	74.5
205	83.4
205.7	885.33
206.5	906
207	975.17
205.5	437.71
207	446.7
207.3	944.53
207.57	997.83
208.65	457.31
208.21	468.43
208.24	514.58
210	920
210.35	497.92
211.14	988
211.26	531.85
211.7	874.93
212.5	895.5
212	781.85
212.5	955.53
213.07	967.29
214	537.25
213.75	621
213	633.4
213	643.4
213	653.4
213	663.4
213	673.4
213	683.4
213	693.4
213	703.4
213	713.4
213	723.4
213	733.4
213	743.4
213	753.4
213	763.4
211.5	769.8
214.04	933.46
214.24	194.53
214	208.9
214	218.9
214	228.9
214	238.9
214	248.9
214	258.8
212.13	266.38
214.19	483.56
215	19.1
215	29.1
215	39.1
215	49.1
215	59.1
215	69.1
214.14	80.07
216.04	909.54
217.04	977.62
217.77	864.67
218.58	885.33
217.5	999.5
218	452.5
218	462.5
218	472.5
218.44	508.5
218.28	522.78
219.77	943.82
220.05	922.18
221	989.1
221.5	791.17
222.27	898.77
222.64	855.36
223.7	877.2
222.37	957.93
223.07	969.86
223.24	492.37
223.03	535.61
223.83	618.67
223	630.5
223	640.5
223	650.5
223	660.5
223	670.5
223	680.5
223	690.5
223	700.5
223	710.5
223	720.5
223	730.5
223	740.5
223	750.5
223	760.5
223	770.5
222.36	778.57
224.42	934.33
224.24	190.84
224	205.2
224	215.2
224	225.2
224	235.2
224	245.2
223.59	253.86
225	25.9
225	35.9
225	45.9
225	55.9
225	65.75
223.32	75.18
226.5	910.5
227.33	979.58
227.21	541.86
227.63	845
227.62	998.59
228	460.6
228	470.6
228	480.6
228.83	507.87
228	520.6
230.42	920.33
230.1	800
230.68	868.12
230.44	888.39
230.88	948.81
231.44	829.22
233.4	901.1
232.67	961.67
233.07	972.86
233.67	988.25
233.83	490.93
233.83	530.93
233.24	618.58
233	632.9
233	642.9
233	652.9
233	662.9
233	672.9
233	682.9
233	692.9
233	702.9
233	712.9
233	722.9
233	732.9
233	742.9
233	752.9
233	762.9
233	772.9
233	782.9
234.5	791.25
233.67	815.42
234.8	856.7
233.81	936.08
234.62	186.47
234	199.6
234	209.6
234	219.6
234	229.6
234	239.6
233.19	248
232.5	34.6
233.5	44.64
233.36	54.5
231.67	64.5
237.86	541.82
237.86	846.14
237.83	998.1
238	466.5
238	476.5
238.83	503.6
238	516.5
239.44	917.56
239.5	930.75
240.62	807.18
240.24	877.79
240.39	892
241.41	833.73
242.67	904.33
242.67	954.33
242	964.8
242	974.8
242	984.8
243.83	485.67
243.83	525.67
243.81	614.85
243	625.7
243	635.7
243	645.7
243	655.7
243	665.7
243	675.7
243	685.7
243	695.7
243	705.7
243	715.7
243	725.7
243	735.7
243	745.7
243	755.7
243	765.7
243	775.7
243	785.7
243	795.7
243.67	824.25
243.81	864.85
243.41	943.55
244.44	183.78
244	197.5
244	207.5
244	217.5
244	227.5
244	237.5
243.33	244.58
247.5	541.33
247.75	846.56
247.21	858.14
247.11	996.28
248	470.5
248.83	497.47
248	510.5
249.62	917.35
249	931.1
250.07	940.71
250	812
250	882
250	892
252	902
252	962
252	972
252	982
253.83	478.73
253.83	518.73
253	612
253	622
253	632
253	642
253	652
253	662
253	672
253	682
253	692
253	702
253	712
253	722
253	732
253	742
253	752
253	762
253	772
253	782
253	792
253	802
253	822
253	832
253	872
253	952
254.44	180.89
254	194.6
254	204.6
254	214.6
254	224.6
254	234.6
253.33	241.67
257.86	529.86
257	545.58
257	842
257	852
257	862
257	995.15
258.83	489.47
258	502.7
259.67	910.67
259	922.2
259	932.2
259	942.2
260.81	810.15
260.81	880.15
260	892.3
262.6	900.5
262.83	959.33
262	972.5
262	982.5
263	473
263	513
263	612.6
263	622.6
263	632.6
263	642.6
263	652.6
263	662.6
263	672.6
263	682.6
263	692.6
263	702.6
263	712.6
263	722.6
263	732.6
263	742.6
263	752.6
263	762.6
263	772.6
263	782.6
263	792.6
262.79	802.43
263.81	820.38
263	832.6
263.81	868.08
263.5	948.11
264.44	178.11
264	191.8
264	201.8
264	211.8
264	221.8
264	231.8
263.33	239.5
267	523
267	533
267	546.23
267	843
267	853
267	992.55
268	483
268	493
268	503
269.67	911.67
269	923.2
269	933.2
270.81	881.15
272.67	891.92
271.75	903.38
272.83	960.33
272	973.5
272.86	985.89
273.67	474.33
273.67	514.33
273	613.6
273	623.6
273	633.6
273	643.6
273	653.6
273	663.6
273	673.6
273	683.6
273	693.6
273	703.6
273	713.6
273	723.6
273	733.6
273	743.6
273	753.6
273	763.6
273	773.6
273	783.6
273	793.6
273	803.6
273	813.6
273	823.6
273	833.6
273.75	860
272.79	873.43
273.86	940.86
271.5	953.2
274.75	174.88
274	187.3
274	197.3
274	207.3
274	217.3
274	227.3
273.14	237.29
277.86	526.43
277	538.3
276.14	547.86
277.86	841.71
278.86	988.59
278.83	486.6
278	499.1
278.25	508.38
279.75	911.13
279	924.7
282.24	880.63
282	895.3
283.5	905.5
282.24	960.63
282	975.3
283.83	473.87
283	615.5
283	625.5
283	635.5
283	645.5
283	655.5
283	665.5
283	675.5
283	685.5
283	695.5
283	705.5
283	715.5
283	725.5
283	735.5
283	745.5
283	755.5
283	765.5
283	775.5
283	785.5
283	795.5
283	805.5
283	815.5
283	825.5
283.83	852.33
283	865.5
283.86	932.79
283	945.5
284.62	173.06
284	186.1
284	196.1
284	206.1
284	216.1
284	226.1
283.59	236.36
285.7	242.95
287.44	523.78
287	537.5
286.33	547.54
287.86	833.64
288.5	846.6
287.11	984.22
288.24	493.74
288	508.1
288	514
289.75	913.13
292.24	872.63
292	887.3
292	897.3
293.5	907.5
292.24	952.63
292	967.3
293.44	471.33
293.64	484
293	617.6
293	627.6
293	637.6
293	647.6
293	657.6
293	667.6
293	677.6
293	687.6
293	697.6
293	707.6
293	717.6
293	727.6
293	737.6
293	747.6
293	757.6
293	767.6
293	777.6
293	787.6
293	797.6
293	807.6
293	817.6
293.83	854.47
293.86	924.93
293	937.6
294.62	171.06
294	184.1
294	194.1
294	204.1
294	214.1
294	224.1
294	234.1
294.73	243.58
295	550.25
297.62	528.76
297.21	540.57
297.86	825.86
297	838.5
298.5	848.8
297.33	979.06
298.44	498.67
298	512.5
296.83	518.67
302.75	866.38
302	879.9
302	889.9
302	899.9
302	909.9
302.75	946.38
302	959.9
303.44	465.44
303	479.3
303.64	488
303	620.1
303	630.1
303	640.1
303	650.1
303	660.1
303	670.1
303	680.1
303	690.1
303	700.1
303	710.1
303	720.1
303	730.1
303	740.1
303	750.1
303	760.1
303	770.1
303	780.1
303	790.1
303	800.1
303	810.1
303.6	854.2
303.41	919.27
303	930.1
301.5	939.5
304.75	169
304	181.4
304	191.4
304	201.4
304	211.4
304	221.4
304	231.4
304.24	249.11
304.7	237.2
305.86	550.82
307.24	533.05
308.17	544.33
307.86	818.71
307	831.3
307	841.3
308.17	971.21
304	979.5
308.24	502.26
308	516.7
308	522.5
312.24	868.05
312	882.7
312	892.7
312	902.7
312.24	948.05
313.44	457.44
313	471.4
313	481.4
313.64	489.86
313	623
313	633
313	643
313	653
313	663
313	673
313	683
313	693
313	703
313	713
313	723
313	733
313	743
313	753
313	763
313	773
313	783
313	793
313	803
313.75	849.44
313.41	912.18
313	923
313	933
314.86	166.29
314	177.6
314	187.6
314	197.6
314	207.6
314	217.6
314	227.6
314.24	257.03
315.41	238
313.67	245.5
315.86	551.89
317.24	534
318.17	545
317.86	811.64
317	824.2
317	834.2
318	963.65
314	972.75
318	503.44
318	517.4
318	523
322.24	861.16
322	875.8
322	885.8
322	895.8
322.24	941.16
323.06	448.56
323	462.5
323	472.5
323	482.5
324.07	491
323	626.1
323	636.1
323	646.1
323	656.1
323	666.1
323	676.1
323	686.1
323	696.1
323	706.1
323	716.1
323	726.1
323	736.1
323	746.1
323	756.1
323	766.1
323	776.1
323	786.1
323	796.1
323.75	842.56
323.41	905.27
323	916.1
323	926.1
324.62	166.29
324	179.3
324	189.3
324	199.3
324	209.3
324	219.3
324	229.3
324.24	266.29
325.41	239.45
325	250.2
323.83	256
325.5	551.83
327.11	534
328.5	547
327.86	804.71
327	817.3
327	827.3
327.02	956.81
328.15	502.82
328	516.4
329	523.75
331.38	438.24
332.45	276.68
332.24	854.16
332	868.8
332	878.8
332	888.8
332.24	934.16
333.15	455.53
333	469
333	479
333.39	488.56
333	629.2
333	639.2
333	649.2
333	659.2
333	669.2
333	679.2
333	689.2
333	699.2
333	709.2
333	719.2
333	729.2
333	739.2
333	749.2
333	759.2
333	769.2
333	779.2
333	789.2
333.75	835.69
333.41	898.45
333	909.2
333	919.2
334.24	165.79
334	180.1
334	190.1
334	200.1
334	210.1
334	220.1
334	230.1
335.41	241.73
335	251.9
335	261.9
336.21	553.14
337.5	427
336.97	538.35
337.86	797.79
337	810.4
337	820.4
336.77	946.97
338.68	286.85
338.57	497.8
338	510.5
338	520.5
338.7	528.6
341.83	440.8
343.12	273.23
342.71	416.71
342.75	848.38
342	861.9
342	871.9
342	881.9
342.87	930.05
343.69	296.97
343.26	457.53
343	471
343	481
344.33	490.5
343	632.2
343	642.2
343	652.2
343	662.2
343	672.2
343	682.2
343	692.2
343	702.2
343	712.2
343	722.2
343	732.2
343	742.2
343	752.2
343	762.2
343	772.2
343	782.2
343.75	828.69
341.5	841.75
343.41	891.45
343	902.2
343	912.2
341.5	921.75
344	160
344	170
344	180
344	190
344	200
344	210
344	220
344	230
345	240
345	250
345	260
346.86	406
346.37	549.13
347.63	307.27
347.86	790.79
347	803.4
347	813.4
348.44	503.53
348	517
348	527
347.64	536
350.3	553.5
349.81	393.38
349.88	426.19
350.5	317.54
351	440.3
352.62	273.29
352	286.3
352.35	328.15
352.5	381.86
352.75	851.38
352	864.9
352	874.9
349.75	926.5
353.94	295.89
353.24	454.21
353	468.8
353	478.8
353	488.8
353	635.1
353	645.1
353	655.1
353	665.1
353	675.1
353	685.1
353	695.1
353	705.1
353	715.1
353	725.1
353	735.1
353	745.1
353	755.1
353	765.1
353	775.1
353.75	821.56
353	835.1
351.5	844.5
353.41	884.27
353	895.1
353	905.1
353.17	915.96
354.24	163.79
354	178.1
354	188.1
354	198.1
354	208.1
354	218.1
354	228.1
354	238.1
354.24	343.79
354	358.1
354	368.1
355.17	376
355	249
355	259
356	409
357.86	783.71
357	796.3
357	806.3
358	499
358	509
358	519
358	529
358	539
358	552.52
359	399
359	419
359	429
360.41	309.73
361.67	440.33
362.81	270.85
362	281.7
362.67	321.08
362	331.7
362.81	390.85
362.24	853.05
362	867.7
363.41	292.18
362.83	302
363.67	451.83
363	462.6
363	472.6
363	482.6
363	492.6
363	638
363	648
363	658
363	668
363	678
363	688
363	698
363	708
363	718
363	728
363	738
363	748
363	758
363	768
363.75	814.44
363	828
363	838
363.41	877.18
363	888
363.12	899.35
359.67	909
364.83	161.67
364	173.5
364	183.5
364	193.5
364	203.5
364	213.5
364	223.5
364	233.5
364	243.5
364.67	342.58
364	353.5
364	363.5
364	373.5
363.36	381.57
365.41	253.82
364.79	262.86
366.62	412.29
367.86	776.21
367	788.9
367	798.9
368.83	504.07
368	517.1
368	527.1
368	537.1
368	547.1
367.59	555.41
369	428
371	438
372	278
372	318
372	328
372	398
372.62	846.06
372	860
373	288
373	298
373	308
373	448
373	458
373	468
373	478
373	488
373	640.2
373	650.2
373	660.2
373	670.2
373	680.2
373	690.2
373	700.2
373	710.2
373	720.2
373	730.2
373	740.2
373	750.2
373	760.2
373.75	806.63
373	820.2
373	830.2
371.83	839.67
373.41	869.36
373.57	882.21
370.07	891.14
374	158
374	168
374	178
374	188
374	198
374	208
374	218
374	228
374	238
374	338
374	348
374	358
374	368
374	378
374	388
375	248
375	258
375	268
376	408
376	418
377.86	768.43
377	781.1
377	791.1
378	498
378	508
378	518
378	528
378	538
378	552
379	428
381	438
382	278
382	318
382	328
382	398
382.44	847.67
383	288
383	298
383	308
383	448
383	458
383	468
383	478
383	488
383	642.2
383	652.2
383	662.2
383	672.2
383	682.2
383	692.2
383	702.2
383	712.2
383	722.2
383	732.2
383	742.2
383	752.2
383.75	798.56
383	812.2
383	822.2
383	832.2
383	842
383.41	861.36
382.25	874.44
384	158
384	168
384	178
384	188
384	198
384	208
384	218
384	228
384	238
384	338
384	348
384	358
384	368
384	378
384	388
385	248
385	258
385	268
386	408
386	418
387.86	759.93
387	772.7
387	782.7
388	498
388	508
388	518
388	528
388	538
388	552
389	428
391	438
392	278
392	318
392	328
392	398
393	288
393	298
393	308
393	448
393	458
393	468
393	478
393	488
393	643.5
393	653.5
393	663.5
393	673.5
393	683.5
393	693.5
393	703.5
393	713.5
393	723.5
393	733.5
393	743.5
393.83	790.33
393	803.5
393	813.5
393	823.5
393	833.5
393	843.5
393	853.5
392.17	865.3
394	158
394	168
394	178
394	188
394	198
394	208
394	218
394	228
394	238
394	338
394	348
394	358
394	368
394	378
394	388
395	248
395	258
395	268
396	408
396	418
397.86	751.07
397	763.9
397	773.9
398.5	783.8
398	498
398	508
398	518
398	528
398	538
398	551.9
399	428
401	438
402	278
402	318
402	328
402	398
403	288
403	298
403	308
403	448
403	458
403	468
403	478
403	488
403	644
403	654
403	664
403	674
403	684
403	694
403	704
403	714
403	724
403	734
403	794
403	804
403	814
403	824
403	834
403	844
403	857.55
404	158
404	168
404	178
404	188
404	198
404	208
404	218
404	228
404	238
404	338
404	348
404	358
404	368
404	378
404	388
405	248
405	258
405	268
406	408
406	418
407	744
407	754
407	764
407	774
407	784
408	498
408	508
408	518
408	528
408	538
408	551.75
409	428
411	438
412	278
412	318
412	328
412	398
413	288
413	298
413	308
413	448
413	458
413	468
413	478
413	488
413	644
413	654
413	664
413	674
413	684
413	694
413	704
413	714
413	724
413	734
413	794
413	804
413	814
413	824
413	834
413	844
412.38	856.32
414	158
414	168
414	178
414	188
414	198
414	208
414	218
414	228
414	238
414	338
414	348
414	358
414	368
414	378
414	388
415	248
415	258
415	268
416	408
416	418
417.81	745.85
417	756.7
417	766.7
417	776.7
417	786.7
418	498
418	508
418	518
418	528
418	538
418	551.75
419	428
421	438
422	278
422	318
422	328
422	398
423	288
423	298
423	308
423	448
423	458
423	468
423	478
423	488
423.24	647.79
423	662.1
423	672.1
423	682.1
423	692.1
423	702.1
423	712.1
423	722.1
423	732.1
424.07	741.71
423.75	798.69
423	812.1
423	822.1
423	832.1
423	842.1
423	852.1
423	858.05
424	158
424	168
424	178
424	188
424	198
424	208
424	218
424	228
424	238
424	338
424	348
424	358
424	368
424	378
424	388
425	248
425	258
425	268
426.41	407.27
426	418.1
427.86	755.29
427	766.6
427	776.6
427	786.6
428.81	496.15
428	508.3
428	518.3
428	528.3
428	538.3
428	551.8
429.81	426.23
431.67	437
432.62	274.71
432.62	314.71
432	328.7
432.75	394.44
433.41	287.91
433	298.8
431.83	308.33
433.67	447.17
433	458.8
433	468.8
433	478.8
433.64	488.71
433.83	644.67
433	656.5
433	666.5
433	676.5
433	686.5
433	696.5
433	706.5
433	716.5
433	726.5
433	736.5
433	746.5
433.83	804.67
433	816.5
433	826.5
433	836.5
433	846.5
432.17	856.23
434	158.9
434	168.9
434	178.9
434	188.9
434	198.9
434	208.9
434	218.9
434	228.9
434	238.9
434.67	337.25
434	348.9
434	358.9
434	368.9
434	378.9
435.17	388.67
435	249
435	259
436	409
437.86	757.07
437	769.8
437	779.8
437	789.8
438.5	798.6
438	499
438	509
438	519
438	529
438	539
438	552.2
439	419
441.41	428.27
442.67	267.67
442.67	317.67
442.67	397.67
443.41	278.45
443	289.3
443	299.3
442.25	309.13
443.67	437.75
443	449.3
443	459.3
443	469.3
443	479.3
443	489.3
443.24	644.16
443	658.5
443	668.5
443	678.5
443	688.5
443	698.5
443	708.5
443	718.5
443	728.5
443	738.5
444.07	747.86
443.24	814.16
443	828.5
443	838.5
443	848.5
442.59	858.14
444	159.4
444	169.4
444	179.4
444	189.4
444	199.4
444	209.4
444	219.4
444	229.4
444	239.4
444.67	327.83
444	339.4
444	349.4
444	359.4
444	369.4
444	379.4
443.5	389.25
445.41	248.64
444.75	259.38
446.86	406.86
447.24	763.16
447	777.5
447	787.5
447	797.5
448.5	806.2
448.83	496.53
448	509.8
448	519.8
448	529.8
448	539.8
448	552.6
450.17	417.42
450.62	861.94
453.67	268.67
453	280.2
453	290.2
453	300.2
453	310.2
453.67	428.67
453	440.2
453	450.2
453	460.2
453	470.2
453	480.2
453.62	640.82
453	653.9
453	663.9
453	673.9
453	683.9
453	693.9
453	703.9
453	713.9
453	723.9
453	733.9
453	743.9
453.17	753.56
453.62	820.82
453	833.9
453	843.9
453	852
454	160.3
454	170.3
454	180.3
454	190.3
454	200.3
454	210.3
454	220.3
454	230.3
454.41	319.45
454	330.3
454	340.3
454	350.3
454	360.3
454	370.3
454	380.3
454	390.3
455.41	239.55
455	250.4
454.5	260.25
456.67	398.92
457.44	770
457	783.7
457	793.7
457	803.7
457.67	812.17
458.83	487.47
458	500.7
458	510.7
458	520.7
458	530.7
458	540.7
458	550.35
459.81	408.54
459.5	420.75
460	868.7
463.67	269.67
463	281.2
463	291.2
463	301.2
463.67	429.67
463	441.2
463	451.2
463	461.2
463	471.2
463.62	637.71
463	650.8
463	660.8
463	670.8
463	680.8
463	690.8
463	700.8
463	710.8
463	720.8
463	730.8
463	740.8
463	750.8
463.17	760.44
463.62	827.71
463	840.8
463	850.8
463	858.83
464	161.3
464	171.3
464	181.3
464	191.3
464	201.3
464	211.3
464	221.3
464.41	310.45
464	321.3
464	331.3
464	341.3
464	351.3
464	361.3
464	371.3
464	381.3
465.41	230.55
465	241.4
465	251.4
464.5	261.25
466.67	389.92
467.44	776.78
467	790.5
467	800.5
467	810.5
467.67	819
468.83	478.47
468	491.7
468	501.7
468	511.7
468	521.7
468	531.7
467.57	544.07
469.81	399.54
469	411.8
469.5	421.75
469.72	878.13
471.75	548.37
473.81	270.15
473	282.3
473	292.3
473.81	431.23
473	443
473	453
473	463
473.44	634.78
473	648.5
473	658.5
473	668.5
473	678.5
473	688.5
473	698.5
473	708.5
473	718.5
473	728.5
473	738.5
473	748.5
473	758.5
473.5	767.88
473.44	834.78
473	848.5
473	858.5
473.67	867
474	162.4
474	172.4
474	182.4
474	192.4
474	202.4
474	212.4
474.41	301.55
474	312.4
474.41	323
473.9	333.15
473	342.25
473.5	353.11
473.5	363.11
474	373
475.41	221.64
475	232.5
475	242.5
475	252.5
474.36	262.29
476.32	383.45
477.24	783.84
477	798.2
477	808.2
477	818.2
478.5	826.8
478.86	472.29
478	484.7
478	494.7
478	504.7
478	514.7
478	524.7
478	534.7
479.23	394.55
479	405.1
479	415.1
480.07	425
479	883.38
481.39	546.17
483.09	896.18
483.75	270
483.41	284.36
483.73	433.77
483	445.7
483	455.7
484.33	465.33
483.24	631.74
483	646.1
483	656.1
483	666.1
483	676.1
483	686.1
483	696.1
483	706.1
483	716.1
483	726.1
483	736.1
483	746.1
483	756.1
483	766.1
484.07	775.29
483.24	841.74
483	856.1
483	866.1
484.5	874.6
484	163.7
484	173.7
484	183.7
484	193.7
484	203.7
484.25	293.58
481.64	305.14
479.83	315.5
485.41	212.91
485	223.8
485	233.8
485	243.8
485	253.8
485	263.5
487.62	789.47
487	802.6
487	812.6
487	822.6
487.21	831.29
488.5	476.65
488	490.3
488	500.3
488	510.3
488	520.3
488	530.3
486	403.5
488	413.5
489.5	421.75
491	544.95
491.44	907.81
492.62	887.71
490.5	896.75
493.31	272
493.77	431.33
493	444.2
493	454.2
493.25	463.25
493.44	627.78
493	641.5
493	651.5
493	661.5
493	671.5
493	681.5
493	691.5
493	701.5
493	711.5
493	721.5
493	731.5
493	741.5
493	751.5
493	761.5
493	771.5
493.5	780.88
493.44	847.78
493	861.5
493	871.5
491.83	877.33
494	165.2
494	175.2
494	185.2
494	195.2
489.83	285.83
495.41	204.55
495	215.4
495	225.4
495	235.4
495	245.4
495	255.4
497.24	796.63
497	811
497	821
497	831
498.5	839.4
498.79	471.21
498	483.8
498	493.8
498	503.8
498	513.8
498	523.8
498	533.8
498.66	917.53
501.43	544.33
502.24	894.84
503.5	907.8
502.97	262.74
502	433.75
503	443.1
503	453.1
503.64	463
503.62	623.71
503	636.8
503	646.8
503	656.8
503	666.8
503	676.8
503	686.8
503	696.8
503	706.8
503	716.8
503	726.8
503	736.8
503	746.8
503	756.8
503	766.8
503	776.8
503.17	786.44
503.62	853.71
503	866.8
503	876.8
501.5	882.75
504	166.8
504	176.8
504	186.8
505.41	196.18
505	207
505	217
505	227
505	237
505	247
505	256.38
505.22	928.11
507.44	802.78
507	816.5
507	826.5
507	836.5
507.67	845
508.38	477.31
508	490.2
508	500.2
508	510.2
508	520.2
508	530.2
509.17	541.11
512	544.5
512.62	900.47
512	913.6
512	923.6
513	446.4
513	456.4
513	466.4
513.44	620.56
513	634.3
513	644.3
513	654.3
513	664.3
513	674.3
513	684.3
513	694.3
513	704.3
513	714.3
513	724.3
513	734.3
513	744.3
513	754.3
513	764.3
513	774.3
513	784.3
513.5	793.63
513.44	860.56
513	874.3
513	884.3
511.83	890.33
513.44	939.97
514	168.5
514	178.5
515.41	187.91
515	198.7
515	208.7
515	218.7
515	228.7
515	238.7
514.17	250.37
517.62	808.71
517	821.8
517	831.8
517	841.8
517.21	850.43
518.83	478
518	490.7
518	500.7
518	510.7
518	520.7
518	530.7
518.4	541.9
521.07	950.6
522.24	907.84
522	922.2
522	932.2
523	454.4
523	464.4
524.33	544
523.62	616.71
523	629.8
523	639.8
523	649.8
523	659.8
523	669.8
523	679.8
523	689.8
523	699.8
523	709.8
523	719.8
523	729.8
523	739.8
523	749.8
523	759.8
523	769.8
523	779.8
523	789.8
523.17	799.44
523.62	866.71
523	879.8
523	889.8
521.5	895.75
524	170.5
525.41	179.91
525	190.7
525	200.7
525	210.7
525	220.7
525	230.7
524.17	242.53
527.44	815.89
527	829.6
527	839.6
527	849.6
527.67	858.17
528.83	474.87
528	487.7
528	497.7
528	507.7
528	517.7
528	527.7
528.05	538.23
529.09	41.74
530.44	945
529.33	958.92
531.35	55.73
532.73	30.62
532.75	913.63
532	926.1
531.33	933.67
533	460.4
533.62	613.71
533	626.8
533	636.8
533	646.8
533	656.8
533	666.8
533	676.8
533	686.8
533	696.8
533	706.8
533	716.8
533	726.8
533	736.8
533	746.8
533	756.8
533	766.8
533	776.8
533	786.8
533	796.8
533.17	806.44
533.62	873.71
533	886.8
533	896.8
531.5	902.75
534.71	65.21
534.5	541.31
535.25	966.22
535	172.8
535	182.8
535	192.8
535	202.8
535	212.8
535	222.8
534.76	235.97
537.44	822.89
537	836.6
537	846.6
537	856.6
537.67	865.17
538.83	469.47
538	482.5
538	492.5
538	502.5
538	512.5
538	522.5
538	532.5
539.62	22.47
539.88	43.19
540.75	951.38
542.75	920.75
542	933.2
541.33	940.67
543.03	72.71
543.62	610.94
543	624
543	634
543	644
543	654
543	664
543	674
543	684
543	694
543	704
543	714
543	724
543	734
543	744
543	754
543	764
543	774
543	784
543	794
543	804
543.17	813.67
543.62	880.94
543	894
543	904
541.5	910
544.83	58.2
544.5	538.5
544	971.13
545	175
545	185
545	195
545	205
545	215
545	225
545	233.85
547.62	830.06
547	843.1
547	853.1
547	863.1
547.21	871.86
548	465.4
548	475.4
548	485.4
548	495.4
548	505.4
548	515.4
548	525.4
549.24	17.21
549	31.6
549	41.6
550.33	50.33
550.83	958.53
552.62	928.94
552	942
551.5	949.2
553	74.85
553.44	609.11
553	622.8
553	632.8
553	642.8
553	652.8
553	662.8
553	672.8
553	682.8
553	692.8
553	702.8
553	712.8
553	722.8
553	732.8
553	742.8
553	752.8
553	762.8
553	772.8
553	782.8
553	792.8
553	802.8
553	812.8
553.5	822.25
553.44	889.11
553	902.8
553	912.8
551.83	918.67
553.24	978.58
554.41	61.27
554.83	532.87
556	966
555	177.5
555	187.5
555	197.5
555	207.5
555	217.5
555	230.88
557.44	838.33
557	852
557	862
557	872
557.67	880.67
558	466.9
558	476.9
558	486.9
558	496.9
558	506.9
558	516.9
560	528.17
559.62	12.82
559	25.9
559	35.9
559	45.9
559.25	55.13
562.62	937.29
562	950.3
562	960.3
563.86	79.07
563.44	607.44
563	621.1
563	631.1
563	641.1
563	651.1
563	661.1
563	671.1
563	681.1
563	691.1
563	701.1
563	711.1
563	721.1
563	731.1
563	741.1
563	751.1
563	761.1
563	771.1
563	781.1
563	791.1
563	801.1
563	811.1
563	821.1
563.5	830.63
563.44	897.44
563	911.1
563	921.1
561.83	926.67
563.56	984.13
564.41	68.45
564.42	532.46
564.67	970.25
565	180
565	190
565	200
565	210
565	220
564.38	232.18
567.83	845.67
567	857.5
567	867.5
567	877.5
566.94	887
568.75	470
568	482.4
568	492.4
568	502.4
568	512.4
568	522.4
569.83	9.67
569	21.5
569	31.5
569	41.5
569	51.5
569	61.5
572	942
572	952
573.24	79.18
573	602
573	612
573	622
573	632
573	642
573	652
573	662
573	672
573	682
573	692
573	702
573	712
573	722
573	732
573	742
573	752
573	762
573	772
573	782
573	792
573	802
573	812
573	822
573	832
573	902
573	912
573	922
573	932
573	985.8
574.5	530.37
574	962
574	972
575	182.8
575	192.8
575	202.8
575	212.8
575	222.8
575	232.6
577	842
577	852
577	862
577	872
577	882
577	892
578.24	469.05
578	483.4
578	493.4
578	503.4
578	513.4
579.33	522.33
579.75	9
579	21.4
579	31.4
579	41.4
579	51.4
579	61.4
579	71.4
582	942
582	952
583.86	79.54
583	612
583	622
583	632
583	642
583	652
583	662
583	672
583	682
583	692
583	702
583	712
583	722
583	732
583	742
583	752
583	762
583	772
583	782
583	792
583	802
583	812
583	822
583	832
583	902
583	912
583	922
583	932
582.17	984.93
583.95	529.5
584	962
584	972
585	185.7
585	195.7
585	205.7
585	215.7
585	225.7
585.58	236.67
587	842
587	852
587	862
587	872
587	882
587	892
588.24	465.11
588	479.5
588	489.5
588	499.5
588	509.5
588	519.5
588.81	993.15
589	5.1
589	15.1
589	25.1
589	35.1
589	45.1
589	55.1
589	65.1
592	942
592	952
593.18	75.84
593	602
593	612
593	622
593	632
593	642
593	652
593	662
593	672
593	682
593	692
593	702
593	712
593	722
593	732
593	742
593	752
593	762
593	772
593	782
593	792
593	802
593	812
593	822
593	832
593	902
593	912
593	922
593	932
593	982
594	526.3
594.41	961.27
594	972.1
595	188.8
595	198.8
595	208.8
595	218.8
595	228.8
594.56	241.25
597.86	839.71
597	852.4
597	862.4
597	872.4
597	882.4
597	892.4
598.24	459.26
598	473.7
598	483.7
598	493.7
598	503.7
598	513.7
599.5	521.8
598.5	993.06
599	6.1
599	16.1
599	26.1
599	36.1
599	46.1
599	56.1
602.24	938.21
602.39	952.89
603.86	63.79
603	76.25
603.44	245.64
603	613.1
603	623.1
603	633.1
603	643.1
603	653.1
603	663.1
603	673.1
603	683.1
603	693.1
603	703.1
603	713.1
603	723.1
603	733.1
603	743.1
603	753.1
603	763.1
603	773.1
603	783.1
603	793.1
603	803.1
603	813.1
603	823.1
603.41	902.27
603	913.1
603	923.1
604.67	961.67
604	973.2
605	191.9
605	201.9
605	211.9
605	221.9
605	231.9
604.83	524.92
607.86	830.79
607	843.5
607	853.5
607	863.5
607	873.5
607	883.5
606.94	893.44
608.24	451
608	465.5
608	475.5
608	485.5
608	495.5
608	505.5
608.39	515
608.86	980.86
608	996.92
609	7.4
609	17.4
609	27.4
609	37.4
609	47.4
612.67	932.67
612	944.2
613.86	55.43
613	68.1
613	77.15
613.18	240.74
613	604.3
613	614.3
613	624.3
613	634.3
613	644.3
613	654.3
613	664.3
613	674.3
613	684.3
613	694.3
613	704.3
613	714.3
613	724.3
613	734.3
613	744.3
613	754.3
613	764.3
613	774.3
613	784.3
613	794.3
613	804.3
613	814.3
613.81	902.15
613	914.3
612.25	924.13
614.21	255.21
614.67	952.83
614	964.4
615	195
615	205
615	215
615	225
615.86	519.68
617.86	821.93
617	834.7
617	844.7
617	854.7
617	864.7
617	874.7
617	884.7
617.21	894.57
618.06	441.67
618	455.6
618	465.6
618	475.6
618	485.6
618	495.6
618	505.6
620	515.25
618.86	972
618	984.8
618	998.25
619	9.3
619	19.3
619	29.3
619	39.3
620.75	262.22
622.86	932.71
623.86	47.57
623	60.2
622.33	71.5
623.44	233.22
623	605.5
623	615.5
623	625.5
623	635.5
623	645.5
623	655.5
623	665.5
623	675.5
623	685.5
623	695.5
623	705.5
623	715.5
623	725.5
623	735.5
623	745.5
623	755.5
623	765.5
623	775.5
623	785.5
623.41	796.14
622.5	805.44
623.83	903
623	916
621.67	926
624.41	247
624.67	944.83
624	956.1
625.67	78.29
625	198.2
625	208.2
625	218.2
626.38	431.06
627.62	273.74
625	816.67
626.5	827.89
627	837.8
627	847.8
627	857.8
627	867.8
627	877.8
627	887.8
628.5	898.6
628.22	448.83
628	462.8
628	472.8
628	482.8
628	492.8
628	502.8
628.05	513.05
627.83	518.58
628.86	966.07
628	978.3
628	988.3
627.5	999.75
629	11.8
629	21.8
629	31.8
630.75	256.31
632.5	419.71
633.86	40.29
633	52.9
633	62.9
633.44	226.39
633	606.9
633	616.9
633	626.9
633	636.9
633	646.9
633	656.9
633	666.9
633	676.9
633	686.9
633	696.9
633	706.9
633	716.9
633	726.9
633	736.9
633	746.9
633	756.9
633	766.9
633.86	779.04
630.5	788.83
633.75	906.75
633	920.3
633	930.3
634.41	240.18
634.3	942.53
634.5	954.25
635.27	72.62
635	201.3
635	211.3
635.44	286.42
637.07	84.25
636.83	433.2
637.75	268.37
637.57	410.36
634.5	844.6
636.5	854.78
637	864.3
637	874.3
637	884.3
637.25	893.38
638.26	449.65
638	463.2
638	473.2
638	483.2
638	493.2
638	503.2
637.65	513.08
638.58	963.77
638	975.5
638	985.5
637.96	996.69
639	14.6
639	24.6
639	1001.81
640.75	249.31
641.5	263.25
640.83	299.27
641.86	399.21
643.86	33.21
643	45.8
643	55.8
643.44	219.5
643.81	311.12
643	608.5
643	618.5
643	628.5
643	638.5
643	648.5
643	658.5
643	668.5
643	678.5
643	688.5
643	698.5
643	708.5
643	718.5
643	728.5
643	738.5
643	748.5
643	758.5
643.62	771.88
639.25	779.25
643.63	904.5
643	917.7
643	927.7
644.41	233.45
644.57	387.86
644.33	938.58
644	949.6
645.67	65.08
645	204.5
645.44	280.22
646.41	76
645.17	88.7
646.81	322.42
646.24	420.37
646	434.9
647.57	372.4
645	866.5
647	876.1
647	886.1
647.67	894.67
648.67	333.96
648	446.88
648	459.7
648	469.7
648	479.7
648	489.7
648	499.7
648	509.5
648.24	963.37
648	977.9
648	987.9
649	17.9
649.41	345
649	355.8
648.33	365.5
648.9	998.73
650.75	242.69
650	256.2
650	266.2
650.83	293.13
651.83	94.9
651.62	402.59
653.86	26.86
653	39.4
653	49.4
653.62	213.29
653.81	305.15
653	610.2
653	620.2
653	630.2
653	640.2
653	650.2
653	660.2
653	670.2
653	680.2
653	690.2
653	700.2
653	710.2
653	720.2
653	730.2
653	740.2
653	750.2
653	760.2
653	773.23
653.75	903.5
653	916.9
653	926.9
654.41	226.73
654.62	383.59
654.42	937.67
654	948.7
655.67	58.67
656.17	208
655.83	274.73
656.41	69.73
656	80.5
656.81	316.15
656.83	415.13
656	428.2
655	884.5
657.67	892.5
658.67	327.33
658.67	437.33
658	448.8
658	458.8
658	468.8
658	478.8
658	488.8
658.41	499.45
657.5	506.56
658.38	962.24
658	975.8
658	985.8
659.44	105.78
659.41	338.45
659	349.2
659	359.2
659	369.2
658.9	996.27
660.75	236
660	249.5
660	259.5
660.83	286.47
661.83	89.4
661.62	396
663	23.2
663	33.2
663	43.2
663.81	298.62
663	611.9
663	621.9
663	631.9
663	641.9
663	651.9
663	661.9
663	671.9
663	681.9
663	691.9
663	701.9
663	711.9
663	721.9
663	731.9
663	741.9
663	751.9
663	761.9
663	774.7
663	903.58
663	914.6
663	924.6
664.24	216.37
664.83	378
664.42	935.17
664	946.3
665.07	956.43
665.67	52.75
665.83	268.4
666.41	63.73
666	74.5
666.81	309.69
666.83	408.67
666	421.7
668.67	321.08
668.67	431.08
668	442.5
668	452.5
668	462.5
668	472.5
668	482.5
668	492.5
667.33	502.13
668.44	969.44
668	983.5
669.18	102.16
669.41	332
669	342.8
669	352.8
669	362.8
668.59	992.23
670.03	117.07
670.75	229.69
670	243.2
670	253.2
670.83	280.13
671.83	83.73
671.62	389.59
673	27.6
673	37.6
673.81	292.31
673	613.9
673	623.9
673	633.9
673	643.9
673	653.9
673	663.9
673	673.9
673	683.9
673	693.9
673	703.9
673	713.9
673	723.9
673	733.9
673	743.9
673	753.9
673	763.9
673	777
670.5	912
673	922.1
674	214.6
674.83	371.6
674.33	933.25
674	944.2
674	954.2
675.67	47.17
675.83	262
676.41	58.27
676	69
676.75	123.69
676.81	303.38
676.83	402.4
676	415.4
678.67	314.67
678.67	424.67
678	436.1
678	446.1
678	456.1
678	466.1
678	476.1
678	486.1
677.19	496.81
678.22	967.94
678.05	981.32
679.44	96.06
679.41	325.73
679	336.5
679	346.5
679	356.5
675	988.25
680.41	110.09
680.75	223.31
680	236.8
680	246.8
680.83	273.73
681.83	78.2
681.62	383.29
683	32.2
683.81	285.92
683	616.1
683	626.1
683	636.1
683	646.1
683	656.1
683	666.1
683	676.1
683	686.1
683	696.1
683	706.1
683	716.1
683	726.1
683	736.1
683	746.1
683	756.1
683	766.1
682.38	778.85
684.83	365.27
681	935
682.5	945.14
683.63	955.13
685.67	41.92
685.83	255.6
686.41	53
686	63.7
686.08	121.82
686.81	297
686.83	396
686	409
688.67	308.42
688.67	418.42
688	429.8
688	439.8
688	449.8
688	459.8
688	469.8
688	479.8
687.25	491.75
685.3	965.9
683.83	974.5
689.44	91.22
689.81	131.35
689.41	319.45
689	330.2
689	340.2
689	350.2
690.41	105.18
690	220.6
690	230.6
690	240.6
690.83	267.6
690.62	782.85
691.83	73.6
691.62	377.12
693.81	279.69
693	618.5
693	628.5
693	638.5
693	648.5
693	658.5
693	668.5
693	678.5
693	688.5
693	698.5
693	708.5
693	718.5
693	728.5
693	738.5
693	748.5
693	758.5
693	768.5
694.83	359.07
695	38.6
695.83	249.47
696.41	48.55
696	59.2
696.75	115.88
696.81	290.92
696.83	389.87
696	402.9
698.67	302.33
698.67	412.33
698	423.7
698	433.7
698	443.7
698	453.7
698	463.7
698	473.7
697.38	486.21
699.44	86.72
698.91	130.26
699.41	313.36
699	324.1
699	334.1
699	344.1
700.41	100.82
700	224.5
700	234.5
700.83	261.53
700.62	776.35
700.79	791.93
701.83	69.27
701.62	371.06
703.81	273.85
703	621.1
703	631.1
703	641.1
703	651.1
703	661.1
703	671.1
703	681.1
703	691.1
703	701.1
703	711.1
703	721.1
703	731.1
703	741.1
703	751.1
703	761.1
704.83	353.2
705.83	243.73
706	45.1
706	55.1
706.75	111.81
706.81	285.15
706.83	384.13
706	397.1
708.67	296.5
708.67	406.5
708	417.9
708	427.9
708	437.9
708	447.9
708	457.9
708	467.9
707.56	480.78
709.44	82.83
709	126.66
709.41	307.55
709	318.3
709	328.3
709	338.3
710.41	97.09
710	228.8
710.83	255.8
710.62	769.29
710	783.2
709.76	796.18
711.83	65.67
711.62	365.35
711.83	132.78
713.81	268.15
713	624.2
713	634.2
713	644.2
713	654.2
713	664.2
713	674.2
713	684.2
713	694.2
713	704.2
713	714.2
713	724.2
713	734.2
713	744.2
713	754.2
714.83	347.67
715.83	238.07
716	52
716.75	108.81
716.81	279.46
716.83	378.47
716	391.4
718.67	290.92
718.67	400.92
718	412.3
718	422.3
718	432.3
718	442.3
718	452.3
718	462.3
717.56	475.14
719.44	80.17
719.81	122.58
719.41	302.09
719	312.8
719	322.8
719	332.8
719.24	800.13
720.41	94.55
720.83	250.2
720.62	762.35
720	776.3
720	786.3
721.83	63.27
721.62	359.82
721.75	129.94
723.81	262.69
723	627.3
723	637.3
723	647.3
723	657.3
723	667.3
723	677.3
723	687.3
723	697.3
723	707.3
723	717.3
723	727.3
723	737.3
723	747.3
724.83	342.07
725	235.5
726.75	106.88
726.81	274.08
726.83	373.07
726	386
728.67	285.67
728.67	395.67
728	407
728	417
728	427
728	437
728	447
728	457
727.25	469.13
729.44	78.61
729.57	121.67
729.41	296.82
729	307.5
729	317.5
729	327.5
729	796.35
730.41	93.09
730.83	245.07
730.62	755.88
730	769.8
730	779.8
730	789.5
731	64.5
731.62	354.71
731.67	807.83
733.81	257.62
733	630.9
733	640.9
733	650.9
733	660.9
733	670.9
733	680.9
733	690.9
733	700.9
733	710.9
733	720.9
733	730.9
733	740.9
735.33	123.17
734.83	337.07
736.75	106
736.81	269.23
736.83	368.2
736	381.1
738.67	280.92
738.67	390.92
738	402.2
738	412.2
738	422.2
738	432.2
738	442.2
738	452.2
737.17	463.43
739	78.88
740.39	115.72
739.41	292
739	302.7
739	312.7
739	322.7
740.4	90.9
740	243.3
740.62	749.82
740	763.7
740	773.7
740	783.7
740	793.7
741.62	350.06
741.41	803.36
741	813.25
743.81	253
743	634.9
743	644.9
743	654.9
743	664.9
743	674.9
743	684.9
743	694.9
743	704.9
743	714.9
743	724.9
743	734.9
744.83	332.6
745.86	105.14
746.81	264.77
746.83	363.73
746	376.6
748.67	276.42
748.67	386.42
748	397.7
748	407.7
748	417.7
748	427.7
748	437.7
748	447.7
747.19	457.31
749.41	287.64
749	298.3
749	308.3
749	318.3
747	87.25
747.17	95
750.62	744.18
750	758
750	768
750	778
750	788
751.62	345.76
751.41	797.82
750.59	809.09
752.41	816.82
753	250.8
753	639.5
753	649.5
753	659.5
753	669.5
753	679.5
753	689.5
753	699.5
753	709.5
753	719.5
753	729.5
754.83	328.6
756.81	260.77
756.83	359.8
756	372.6
758.67	272.67
758.67	382.67
758	393.9
758	403.9
758	413.9
758	423.9
758	433.9
758.05	444.18
755.5	450.7
759.41	283.82
759	294.5
759	304.5
759	314.5
760.62	739.18
760	753
760	763
760	773
760	783
761.62	342.06
761.41	792.82
761	803.5
761.82	816.21
763	644.5
763	654.5
763	664.5
763	674.5
763	684.5
763	694.5
763	704.5
763	714.5
763	724.5
764.83	325.07
766	259.2
766.83	356.47
766	369.2
768.67	269.42
768.67	379.42
768	390.6
768	400.6
768	410.6
768	420.6
768	430.55
766.75	440.08
769.41	280.82
769	291.4
769	301.4
769	311.4
770.62	734.76
770	748.5
770	758.5
770	768.5
770	778.5
770	818.45
771.62	339.24
771.41	788.45
771	799.1
772.41	809
773	650.3
773	660.3
773	670.3
773	680.3
773	690.3
773	700.3
773	710.3
773	720.3
774.83	322.53
776.83	354.27
776	366.9
778	268.5
778.67	377.33
778	388.5
778	398.5
778	408.5
778	418.5
776.73	428.85
779.41	278.73
779	289.3
779	299.3
779	309.3
780.62	731.12
780	744.8
780	754.8
780	764.8
780	774.8
779.77	815.14
781.62	337.41
781.41	784.91
781	795.5
782.41	805.68
783	657
783	667
783	677
783	687
783	697
783	707
783	717
784.83	321.13
786.83	353
786	365.5
788.67	376.5
788	387.5
788	397.5
788	407.3
786.33	417.38
789	278.5
789	288.5
789	298.5
789	308.5
790.62	728.76
790	742.4
790	752.4
790	762.4
790	772.4
789.36	810.14
791.38	336.56
791.41	782.64
791	793.2
792.41	802.73
793	664.9
793	674.9
793	684.9
793	694.9
793	704.9
793	714.9
794.57	321
796.57	351.67
796	364.3
798.65	375.08
798	386.8
798	396.05
795.07	405.86
798	288.75
799	298.1
799	308.1
800.62	728
800	741.5
800	751.5
800	761.5
800	771.5
801.5	336.53
801.41	782
801	792.05
800.5	799.38
803	674.5
803	684.5
803	694.5
803	704.5
803	714.5
804.43	320.21
806.56	353.56
806.39	366.89
808	376.46
804.7	388.1
807	302.33
809.25	312.25
810.44	727.44
810	740.5
810	750.5
810	760.5
810	770.5
811.44	331.13
811.64	343.29
811.81	780.15
808.5	788.9
812	685.13
813	694.5
813	704.5
812.83	714.11
812.5	320
814.07	353.21
812.5	363.33
820.17	729.44
820	743.5
820	753.5
820.33	763.75
816.5	331
816.5	341
817.67	774.58
821	699.17
823	709.5
823	718.63
828.25	730.25
827.5	742
826.3	753
828.5	717
553.09	541.28
667.75	209.09
649.2	204.04
682.93	128.15
674.5	214.15
583.44	603.67
603.67	600.3

